X115888     
0.00,325.000
0.02,325.000
0.04,325.000
0.06,325.000
0.08,325.000
0.10,325.000
0.12,325.000
0.14,325.000
0.16,325.000
0.18,325.000
0.20,325.000
0.22,325.000
0.24,325.000
0.26,325.000
0.28,325.000
0.30,325.000
0.32,325.000
0.34,325.000
0.36,325.000
0.38,325.000
0.40,325.000
0.42,325.000
0.44,325.000
0.46,325.000
0.48,325.000
0.50,325.000
0.52,325.000
0.54,325.000
0.56,325.000
0.58,325.000
0.60,325.000
0.62,325.000
0.64,325.000
0.66,325.000
0.68,325.000
0.70,325.000
0.72,325.000
0.74,325.000
0.76,325.000
0.78,325.000
0.80,325.000
0.82,325.000
0.84,325.000
0.86,325.000
0.88,325.000
0.90,325.000
0.92,325.000
0.94,325.000
0.96,325.000
0.98,325.000
1.00,325.000
1.02,325.000
1.04,325.000
1.06,325.000
1.08,325.000
1.10,325.000
1.12,325.000
1.14,325.000
1.16,325.000
1.18,325.000
1.20,325.000
1.22,325.000
1.24,325.000
1.26,325.000
1.28,325.000
1.30,325.000
1.32,325.000
1.34,325.000
1.36,325.000
1.38,325.000
1.40,325.000
1.42,325.000
1.44,325.000
1.46,325.000
1.48,325.000
1.50,325.000
1.52,325.000
1.54,325.000
1.56,325.000
1.58,325.000
1.60,325.000
1.62,325.000
1.64,325.000
1.66,325.000
1.68,325.000
1.70,325.000
1.72,325.000
1.74,325.000
1.76,325.000
1.78,325.000
1.80,325.000
1.82,325.000
1.84,325.000
1.86,325.000
1.88,325.000
1.90,325.000
1.92,325.000
1.94,325.000
1.96,325.000
1.98,321.768
2.00,311.810
2.02,302.231
2.04,293.009
2.06,284.126
2.08,275.564
2.10,267.305
2.12,259.335
2.14,251.639
2.16,244.203
2.18,237.016
2.20,230.066
2.22,223.342
2.24,216.834
2.26,210.533
2.28,204.430
2.30,198.517
2.32,192.786
2.34,187.230
2.36,181.842
2.38,176.615
2.40,171.544
2.42,166.623
2.44,161.846
2.46,157.209
2.48,152.707
2.50,148.334
2.52,144.087
2.54,139.962
2.56,135.954
2.58,132.060
2.60,128.277
2.62,124.601
2.64,121.029
2.66,117.558
2.68,114.186
2.70,110.909
2.72,107.724
2.74,104.630
2.76,101.625
2.78, 98.704
2.80, 95.867
2.82, 93.111
2.84, 90.432
2.86, 87.830
2.88, 85.302
2.90, 82.847
2.92, 80.461
2.94, 78.144
2.96, 75.893
2.98, 73.707
3.00, 71.584
3.04, 67.518
3.08, 63.683
3.12, 60.066
3.16, 56.654
3.20, 53.436
3.24, 50.401
3.28, 47.539
3.32, 44.839
3.36, 42.294
3.40, 39.894
3.44, 37.630
3.48, 35.496
3.52, 33.484
3.56, 31.587
3.60, 29.799
3.64, 28.114
3.68, 26.527
3.72, 25.033
3.76, 23.626
3.80, 22.302
3.84, 21.056
3.88, 19.886
3.92, 18.787
3.96,  0.000
4.00,  0.000
4.10,  0.000
4.20,  0.000
4.30,  0.000
4.40,  0.000
4.50,  0.000
4.60,  0.000
4.70,  0.000
4.80,  0.000
4.90,  0.000
5.00,  0.000
5.10,  0.000
5.20,  0.000
5.30,  0.000
5.40,  0.000
5.50,  0.000
5.60,  0.000
