Sensor Model:   CX-1080-CU-HT-20L
Serial Number:  X115888
Data Format:    4      (Log Ohms/Kelvin)
SetPoint Limit: 325.0      (Kelvin)
Temperature coefficient:  1 (Negative)
Number of Breakpoints:   97

No.   Units      Temperature (K)

  1  1.96351       330.273
  2  1.97365       325.000
  3  1.98546       319.000
  4  1.99653       313.500
  5  2.00784       308.000
  6  2.01941       302.500
  7  2.03123       297.000
  8  2.04333       291.500
  9  2.05570       286.000
 10  2.06836       280.500
 11  2.08132       275.000
 12  2.09459       269.500
 13  2.10694       264.500
 14  2.11956       259.500
 15  2.13246       254.500
 16  2.14566       249.500
 17  2.15916       244.500
 18  2.17299       239.500
 19  2.18714       234.500
 20  2.20163       229.500
 21  2.21648       224.500
 22  2.23170       219.500
 23  2.24730       214.500
 24  2.26331       209.500
 25  2.27974       204.500
 26  2.29660       199.500
 27  2.31217       195.000
 28  2.32812       190.500
 29  2.34448       186.000
 30  2.36126       181.500
 31  2.37847       177.000
 32  2.39615       172.500
 33  2.41431       168.000
 34  2.43297       163.500
 35  2.45217       159.000
 36  2.47192       154.500
 37  2.49227       150.000
 38  2.51089       146.000
 39  2.53000       142.000
 40  2.54968       138.000
 41  2.56992       134.000
 42  2.59077       130.000
 43  2.61227       126.000
 44  2.63445       122.000
 45  2.65737       118.000
 46  2.68106       114.000
 47  2.70249       110.500
 48  2.72458       107.000
 49  2.74740       103.500
 50  2.76760       100.500
 51  2.78489        98.000
 52  2.80260        95.500
 53  2.82078        93.000
 54  2.83945        90.500
 55  2.85864        88.000
 56  2.87838        85.500
 57  2.89869        83.000
 58  2.91541        81.000
 59  2.93252        79.000
 60  2.95006        77.000
 61  2.96807        75.000
 62  2.98656        73.000
 63  3.00557        71.000
 64  3.02511        69.000
 65  3.04523        67.000
 66  3.06596        65.000
 67  3.08733        63.000
 68  3.10940        61.000
 69  3.13219        59.000
 70  3.15339        57.200
 71  3.17525        55.400
 72  3.19784        53.600
 73  3.22121        51.800
 74  3.24540        50.000
 75  3.27048        48.200
 76  3.29359        46.600
 77  3.31749        45.000
 78  3.34226        43.400
 79  3.36797        41.800
 80  3.39468        40.200
 81  3.42072        38.700
 82  3.44779        37.200
 83  3.47598        35.700
 84  3.50340        34.300
 85  3.53196        32.900
 86  3.56178        31.500
 87  3.59073        30.200
 88  3.62094        28.900
 89  3.65259        27.600
 90  3.68321        26.400
 91  3.71527        25.200
 92  3.74898        24.000
 93  3.78150        22.900
 94  3.81567        21.800
 95  3.85177        20.700
 96  3.87597        20.000
 97  3.94542        18.124
