Sensor Model:   CX-1080-CU-HT-20L
Serial Number:  X115888
Interpolation Method:   Lagrangian
SetPoint Limit: 325.0      (Kelvin)
Data Format:    4      (Log Ohms/Kelvin)
Number of Breakpoints:   35

No.   Units      Temperature (K)

  1  1.97368       325.0
  2  1.97562       324.0
  3  2.00579       309.0
  4  2.03781       294.0
  5  2.07189       279.0
  6  2.10821       264.0
  7  2.14702       249.0
  8  2.18860       234.0
  9  2.23327       219.0
 10  2.28143       204.0
 11  2.33356       189.0
 12  2.39024       174.0
 13  2.45221       159.0
 14  2.52042       144.0
 15  2.59613       129.0
 16  2.68112       114.0
 17  2.77795        99.0
 18  2.89053        84.0
 19  3.02515        69.0
 20  3.12647        59.5
 21  3.18651        54.5
 22  3.25234        49.5
 23  3.29365        46.6
 24  3.34549        43.2
 25  3.39306        40.3
 26  3.44237        37.5
 27  3.49160        34.9
 28  3.54045        32.5
 29  3.58855        30.3
 30  3.63791        28.2
 31  3.68593        26.3
 32  3.73486        24.5
 33  3.78162        22.9
 34  3.82871        21.4
 35  3.87600        20.0
