Sensor Model:   CX-1080-CU-HT-20L
Serial Number:  X115143
Data Format:    4      (Log Ohms/Kelvin)
SetPoint Limit: 325.0      (Kelvin)
Temperature coefficient:  1 (Negative)
Number of Breakpoints:   97

No.   Units      Temperature (K)

  1  1.96141       330.054
  2  1.97103       325.000
  3  1.98275       319.000
  4  1.99372       313.500
  5  2.00495       308.000
  6  2.01643       302.500
  7  2.02817       297.000
  8  2.04019       291.500
  9  2.05248       286.000
 10  2.06507       280.500
 11  2.07796       275.000
 12  2.09115       269.500
 13  2.10344       264.500
 14  2.11599       259.500
 15  2.12883       254.500
 16  2.14197       249.500
 17  2.15541       244.500
 18  2.16917       239.500
 19  2.18326       234.500
 20  2.19770       229.500
 21  2.21249       224.500
 22  2.22765       219.500
 23  2.24321       214.500
 24  2.25916       209.500
 25  2.27554       204.500
 26  2.29067       200.000
 27  2.30615       195.500
 28  2.32202       191.000
 29  2.33830       186.500
 30  2.35500       182.000
 31  2.37214       177.500
 32  2.38973       173.000
 33  2.40781       168.500
 34  2.42639       164.000
 35  2.44550       159.500
 36  2.46517       155.000
 37  2.48543       150.500
 38  2.50397       146.500
 39  2.52301       142.500
 40  2.54260       138.500
 41  2.56276       134.500
 42  2.58353       130.500
 43  2.60494       126.500
 44  2.62704       122.500
 45  2.64986       118.500
 46  2.67347       114.500
 47  2.69483       111.000
 48  2.71684       107.500
 49  2.73958       104.000
 50  2.76308       100.500
 51  2.78041        98.000
 52  2.79813        95.500
 53  2.81633        93.000
 54  2.83501        90.500
 55  2.85422        88.000
 56  2.87397        85.500
 57  2.89431        83.000
 58  2.91104        81.000
 59  2.92817        79.000
 60  2.94574        77.000
 61  2.96376        75.000
 62  2.98227        73.000
 63  3.00130        71.000
 64  3.02086        69.000
 65  3.04100        67.000
 66  3.06176        65.000
 67  3.08315        63.000
 68  3.10524        61.000
 69  3.12805        59.000
 70  3.14928        57.200
 71  3.17116        55.400
 72  3.19377        53.600
 73  3.21716        51.800
 74  3.24137        50.000
 75  3.26647        48.200
 76  3.28960        46.600
 77  3.31352        45.000
 78  3.33831        43.400
 79  3.36403        41.800
 80  3.39076        40.200
 81  3.41681        38.700
 82  3.44389        37.200
 83  3.47209        35.700
 84  3.49953        34.300
 85  3.52810        32.900
 86  3.55793        31.500
 87  3.58689        30.200
 88  3.61710        28.900
 89  3.64876        27.600
 90  3.67939        26.400
 91  3.71145        25.200
 92  3.74516        24.000
 93  3.77767        22.900
 94  3.81184        21.800
 95  3.84791        20.700
 96  3.87210        20.000
 97  3.94321        18.080
