X115143     
0.00,325.000
0.02,325.000
0.04,325.000
0.06,325.000
0.08,325.000
0.10,325.000
0.12,325.000
0.14,325.000
0.16,325.000
0.18,325.000
0.20,325.000
0.22,325.000
0.24,325.000
0.26,325.000
0.28,325.000
0.30,325.000
0.32,325.000
0.34,325.000
0.36,325.000
0.38,325.000
0.40,325.000
0.42,325.000
0.44,325.000
0.46,325.000
0.48,325.000
0.50,325.000
0.52,325.000
0.54,325.000
0.56,325.000
0.58,325.000
0.60,325.000
0.62,325.000
0.64,325.000
0.66,325.000
0.68,325.000
0.70,325.000
0.72,325.000
0.74,325.000
0.76,325.000
0.78,325.000
0.80,325.000
0.82,325.000
0.84,325.000
0.86,325.000
0.88,325.000
0.90,325.000
0.92,325.000
0.94,325.000
0.96,325.000
0.98,325.000
1.00,325.000
1.02,325.000
1.04,325.000
1.06,325.000
1.08,325.000
1.10,325.000
1.12,325.000
1.14,325.000
1.16,325.000
1.18,325.000
1.20,325.000
1.22,325.000
1.24,325.000
1.26,325.000
1.28,325.000
1.30,325.000
1.32,325.000
1.34,325.000
1.36,325.000
1.38,325.000
1.40,325.000
1.42,325.000
1.44,325.000
1.46,325.000
1.48,325.000
1.50,325.000
1.52,325.000
1.54,325.000
1.56,325.000
1.58,325.000
1.60,325.000
1.62,325.000
1.64,325.000
1.66,325.000
1.68,325.000
1.70,325.000
1.72,325.000
1.74,325.000
1.76,325.000
1.78,325.000
1.80,325.000
1.82,325.000
1.84,325.000
1.86,325.000
1.88,325.000
1.90,325.000
1.92,325.000
1.94,325.000
1.96,325.000
1.98,320.404
2.00,310.419
2.02,300.824
2.04,291.595
2.06,282.710
2.08,274.149
2.10,265.897
2.12,257.935
2.14,250.250
2.16,242.828
2.18,235.656
2.20,228.723
2.22,222.017
2.24,215.530
2.26,209.251
2.28,203.171
2.30,197.282
2.32,191.576
2.34,186.045
2.36,180.683
2.38,175.483
2.40,170.438
2.42,165.543
2.44,160.792
2.46,156.181
2.48,151.703
2.50,147.355
2.52,143.133
2.54,139.032
2.56,135.049
2.58,131.179
2.60,127.420
2.62,123.769
2.64,120.222
2.66,116.776
2.68,113.428
2.70,110.175
2.72,107.015
2.74,103.944
2.76,100.961
2.78, 98.062
2.80, 95.245
2.82, 92.507
2.84, 89.848
2.86, 87.265
2.88, 84.756
2.90, 82.318
2.92, 79.951
2.94, 77.650
2.96, 75.416
2.98, 73.246
3.00, 71.138
3.04, 67.102
3.08, 63.295
3.12, 59.703
3.16, 56.315
3.20, 53.119
3.24, 50.105
3.28, 47.262
3.32, 44.580
3.36, 42.051
3.40, 39.666
3.44, 37.416
3.48, 35.295
3.52, 33.295
3.56, 31.410
3.60, 29.633
3.64, 27.958
3.68, 26.380
3.72, 24.894
3.76, 23.495
3.80, 22.179
3.84, 20.941
3.88, 19.777
3.92, 18.683
3.96,  0.000
4.00,  0.000
4.10,  0.000
4.20,  0.000
4.30,  0.000
4.40,  0.000
4.50,  0.000
4.60,  0.000
4.70,  0.000
4.80,  0.000
4.90,  0.000
5.00,  0.000
5.10,  0.000
5.20,  0.000
5.30,  0.000
5.40,  0.000
5.50,  0.000
5.60,  0.000
