Sensor Model:   CX-1080-CU-HT-20L
Serial Number:  X115143
Interpolation Method:   Lagrangian
SetPoint Limit: 325.0      (Kelvin)
Data Format:    4      (Log Ohms/Kelvin)
Number of Breakpoints:   35

No.   Units      Temperature (K)

  1  1.97106       325.0
  2  1.97299       324.0
  3  2.00291       309.0
  4  2.03471       294.0
  5  2.06858       279.0
  6  2.10470       264.0
  7  2.14332       249.0
  8  2.18472       234.0
  9  2.22922       219.0
 10  2.27723       204.0
 11  2.32924       189.0
 12  2.38582       174.0
 13  2.44770       159.0
 14  2.51585       144.0
 15  2.59152       129.0
 16  2.67654       114.0
 17  2.77346        99.0
 18  2.88614        84.0
 19  3.02090        69.0
 20  3.12233        59.5
 21  3.18243        54.5
 22  3.24832        49.5
 23  3.28966        46.6
 24  3.34154        43.2
 25  3.38913        40.3
 26  3.43847        37.5
 27  3.48772        34.9
 28  3.53659        32.5
 29  3.58471        30.3
 30  3.63408        28.2
 31  3.68210        26.3
 32  3.73103        24.5
 33  3.77779        22.9
 34  3.82487        21.4
 35  3.87213        20.0
