X93303      
0.00,325.000
0.02,325.000
0.04,325.000
0.06,325.000
0.08,325.000
0.10,325.000
0.12,325.000
0.14,325.000
0.16,325.000
0.18,325.000
0.20,325.000
0.22,325.000
0.24,325.000
0.26,325.000
0.28,325.000
0.30,325.000
0.32,325.000
0.34,325.000
0.36,325.000
0.38,325.000
0.40,325.000
0.42,325.000
0.44,325.000
0.46,325.000
0.48,325.000
0.50,325.000
0.52,325.000
0.54,325.000
0.56,325.000
0.58,325.000
0.60,325.000
0.62,325.000
0.64,325.000
0.66,325.000
0.68,325.000
0.70,325.000
0.72,325.000
0.74,325.000
0.76,325.000
0.78,325.000
0.80,325.000
0.82,325.000
0.84,325.000
0.86,325.000
0.88,325.000
0.90,325.000
0.92,325.000
0.94,325.000
0.96,325.000
0.98,325.000
1.00,325.000
1.02,325.000
1.04,325.000
1.06,325.000
1.08,325.000
1.10,325.000
1.12,325.000
1.14,325.000
1.16,325.000
1.18,325.000
1.20,325.000
1.22,325.000
1.24,325.000
1.26,325.000
1.28,325.000
1.30,325.000
1.32,325.000
1.34,325.000
1.36,325.000
1.38,325.000
1.40,325.000
1.42,325.000
1.44,325.000
1.46,325.000
1.48,325.000
1.50,325.000
1.52,325.000
1.54,325.000
1.56,325.000
1.58,325.000
1.60,325.000
1.62,325.000
1.64,325.000
1.66,325.000
1.68,325.000
1.70,325.000
1.72,325.000
1.74,325.000
1.76,325.000
1.78,325.000
1.80,325.000
1.82,325.000
1.84,316.709
1.86,301.124
1.88,286.404
1.90,272.473
1.92,259.282
1.94,246.765
1.96,234.879
1.98,223.576
2.00,212.816
2.02,202.564
2.04,192.788
2.06,183.463
2.08,174.557
2.10,166.050
2.12,157.920
2.14,150.147
2.16,142.715
2.18,135.610
2.20,128.814
2.22,122.315
2.24,116.103
2.26,110.167
2.28,104.494
2.30, 99.079
2.32, 93.910
2.34, 88.978
2.36, 84.281
2.38, 79.804
2.40, 75.544
2.42, 71.486
2.44, 67.624
2.46, 63.952
2.48, 60.461
2.50, 57.143
2.52, 53.991
2.54, 50.998
2.56, 48.156
2.58, 45.457
2.60, 42.897
2.62, 40.468
2.64, 38.160
2.66, 35.974
2.68, 33.901
2.70, 31.934
2.72, 30.071
2.74, 28.308
2.76, 26.639
2.78, 25.060
2.80, 23.569
2.82, 22.163
2.84, 20.836
2.86, 19.588
2.88, 18.415
2.90, 17.313
2.92, 16.281
2.94, 15.315
2.96, 14.412
2.98, 13.567
3.00, 12.778
3.04, 11.359
3.08, 10.127
3.12,  9.059
3.16,  8.131
3.20,  7.327
3.24,  6.627
3.28,  6.016
3.32,  5.483
3.36,  5.015
3.40,  4.604
3.44,  4.240
3.48,  3.917
3.52,  3.630
3.56,  3.373
3.60,  3.143
3.64,  2.937
3.68,  2.751
3.72,  2.583
3.76,  2.431
3.80,  2.293
3.84,  2.167
3.88,  2.052
3.92,  1.946
3.96,  1.849
4.00,  1.760
4.10,  1.564
4.20,  1.402
4.30,  1.269
4.40,  0.000
4.50,  0.000
4.60,  0.000
4.70,  0.000
4.80,  0.000
4.90,  0.000
5.00,  0.000
5.10,  0.000
5.20,  0.000
5.30,  0.000
5.40,  0.000
5.50,  0.000
5.60,  0.000
