Sensor Model:   CX-1050-SD-HT-1.4L
Serial Number:  X93303
Data Format:    4      (Log Ohms/Kelvin)
SetPoint Limit: 325.0      (Kelvin)
Temperature coefficient:  1 (Negative)
Number of Breakpoints:   146

No.   Units      Temperature (K)

  1  1.82981       325.000
  2  1.83715       319.000
  3  1.84402       313.500
  4  1.85102       308.000
  5  1.85818       302.500
  6  1.86548       297.000
  7  1.87293       291.500
  8  1.88055       286.000
  9  1.88833       280.500
 10  1.89628       275.000
 11  1.90440       269.500
 12  1.91271       264.000
 13  1.92120       258.500
 14  1.92989       253.000
 15  1.93878       247.500
 16  1.94788       242.000
 17  1.95720       236.500
 18  1.96673       231.000
 19  1.97561       226.000
 20  1.98468       221.000
 21  1.99396       216.000
 22  2.00346       211.000
 23  2.01317       206.000
 24  2.02312       201.000
 25  2.03331       196.000
 26  2.04375       191.000
 27  2.05445       186.000
 28  2.06542       181.000
 29  2.07667       176.000
 30  2.08823       171.000
 31  2.09890       166.500
 32  2.10983       162.000
 33  2.12104       157.500
 34  2.13253       153.000
 35  2.14433       148.500
 36  2.15645       144.000
 37  2.16891       139.500
 38  2.18173       135.000
 39  2.19492       130.500
 40  2.20700       126.500
 41  2.21939       122.500
 42  2.23215       118.500
 43  2.24528       114.500
 44  2.25882       110.500
 45  2.27279       106.500
 46  2.28722       102.500
 47  2.29840        99.500
 48  2.30791        97.000
 49  2.31765        94.500
 50  2.32762        92.000
 51  2.33783        89.500
 52  2.34829        87.000
 53  2.35902        84.500
 54  2.37004        82.000
 55  2.38137        79.500
 56  2.39303        77.000
 57  2.40503        74.500
 58  2.41490        72.500
 59  2.42500        70.500
 60  2.43536        68.500
 61  2.44600        66.500
 62  2.45693        64.500
 63  2.46817        62.500
 64  2.47975        60.500
 65  2.49107        58.600
 66  2.50334        56.600
 67  2.51603        54.600
 68  2.52781        52.800
 69  2.53996        51.000
 70  2.55250        49.200
 71  2.56547        47.400
 72  2.57889        45.600
 73  2.59279        43.800
 74  2.60560        42.200
 75  2.61884        40.600
 76  2.63256        39.000
 77  2.64680        37.400
 78  2.66159        35.800
 79  2.67602        34.300
 80  2.69101        32.800
 81  2.70664        31.300
 82  2.72185        29.900
 83  2.73771        28.500
 84  2.75430        27.100
 85  2.77043        25.800
 86  2.78732        24.500
 87  2.80368        23.300
 88  2.82084        22.100
 89  2.83893        20.900
 90  2.85163        20.100
 91  2.86226        19.450
 92  2.87326        18.800
 93  2.88466        18.150
 94  2.89648        17.500
 95  2.90782        16.900
 96  2.91959        16.300
 97  2.93183        15.700
 98  2.94352        15.150
 99  2.95569        14.600
100  2.96837        14.050
101  2.98160        13.500
102  2.99419        13.000
103  3.00737        12.500
104  3.02119        12.000
105  3.03572        11.500
106  3.04948        11.050
107  3.06392        10.600
108  3.07915        10.150
109  3.09525         9.700
110  3.11040         9.300
111  3.12638         8.900
112  3.14334         8.500
113  3.16138         8.100
114  3.18064         7.700
115  3.19867         7.350
116  3.21787         7.000
117  3.23846         6.650
118  3.26061         6.300
119  3.28529         5.940
120  3.30755         5.640
121  3.33155         5.340
122  3.35759         5.040
123  3.38404         4.760
124  3.41284         4.480
125  3.44212         4.220
126  3.46661         4.020
127  3.48880         3.850
128  3.51252         3.680
129  3.53795         3.510
130  3.56367         3.350
131  3.59131         3.190
132  3.62119         3.030
133  3.65156         2.880
134  3.68223         2.740
135  3.71546         2.600
136  3.75172         2.460
137  3.78856         2.330
138  3.82883         2.200
139  3.87317         2.070
140  3.91833         1.950
141  3.96800         1.830
142  4.02314         1.710
143  4.07941         1.600
144  4.13623         1.500
145  4.19406         1.410
146  4.20153         1.400
