Sensor Model:   CX-1050-SD-HT-1.4L
Serial Number:  X93303
Interpolation Method:   Lagrangian
SetPoint Limit: 325.0      (Kelvin)
Data Format:    4      (Log Ohms/Kelvin)
Number of Breakpoints:   53

No.   Units      Temperature (K)

  1  1.82982       325.0
  2  1.83104       324.0
  3  1.83964       317.0
  4  1.85884       302.0
  5  1.87916       287.0
  6  1.90070       272.0
  7  1.92357       257.0
  8  1.94790       242.0
  9  1.97384       227.0
 10  2.00156       212.0
 11  2.03127       197.0
 12  2.06322       182.0
 13  2.09772       167.0
 14  2.13515       152.0
 15  2.17602       137.0
 16  2.22100       122.0
 17  2.27105       107.0
 18  2.32763        92.0
 19  2.39305        77.0
 20  2.46253        63.5
 21  2.50400        56.5
 22  2.54691        50.0
 23  2.58350        45.0
 24  2.62396        40.0
 25  2.66926        35.0
 26  2.72079        30.0
 27  2.78079        25.0
 28  2.83592        21.1
 29  2.89283        17.7
 30  2.94903        14.9
 31  3.00473        12.6
 32  3.06070        10.7
 33  3.11437         9.2
 34  3.17094         7.9
 35  3.22371         6.9
 36  3.28116         6.0
 37  3.33505         5.3
 38  3.39018         4.7
 39  3.44468         4.2
 40  3.49573         3.8
 41  3.55558         3.4
 42  3.60801         3.1
 43  3.64755         2.9
 44  3.69164         2.7
 45  3.74128         2.5
 46  3.79778         2.3
 47  3.82914         2.2
 48  3.89932         2.0
 49  3.93878         1.9
 50  3.98167         1.8
 51  4.02849         1.7
 52  4.13675         1.5
 53  4.20153         1.4
